5,"コーヒーマイルド","コーヒーマイルド",2,1,"195g×10缶",190.0000,12,200,0,0
38,"ブルーベリーヨーグルト","ブルーベリーヨーグルト",65,4,"145g×10個",180.0000,10,200,0,0
107,"テヅクリメン","手づくり麺",37,5,"80g×20袋",280.0000,100,10,10,0
109,"アサヒカマボコ","朝日かまぼこ",40,7,"200g×20個",180.0000,200,10,10,0
43,"バケットフランス","バケットフランス",43,5,"500g×5本",450.0000,10,50,50,0
79,"ホンガツオトクジョウ","本がつお特上",5,8,"1kg",1000.0000,12,20,0,0
114,"トクセンヤキチクワ","特選焼きちくわ",49,7,"180g×30袋",210.0000,100,10,10,0
30,"チーズアンパン","チーズあんぱん",57,3,"5個×25袋",500.0000,30,100,0,0
61,"モメンドウフトクジョウ","もめんどうふ特上",6,7,"200g",120.0000,0,30,30,0
124,"ワタガシハツユキ","綿菓子はつゆき",64,3,"30個",100.0000,50,1,1,0
20,"トクセイワフウショウユ","特製和風醤油",59,2,"250ml×20本",320.0000,15,100,100,0
65,"レイトウコーンクリームコロッケ","冷凍コーンクリームコロッケ",21,7,"500g×20袋",280.0000,10,50,0,0
35,"ローカロリーギュウニュウ","ローカロリー牛乳",12,4,"200ml×10本",180.0000,100,200,0,0
85,"ナマカラシ","なまからし",7,2,"150g×20本",200.0000,0,10,10,0
9,"オタルシロラベル","オタル白ラベル",3,1,"250ml×24本",300.0000,10,100,0,0
62,"キヌゴシドウフトクジョウ","きぬごしどうふ特上",6,7,"200g",120.0000,0,30,30,0
68,"レイトウヤキオニギリ","冷凍やきおにぎり",21,7,"500g×20袋",300.0000,10,50,50,0
115,"マイルドカレー","マイルドカレー",50,2,"30箱",280.0000,200,10,10,0
14,"ウマイモト","うまい素",59,2,"25g×50袋",250.0000,10,100,100,0
16,"ダシカツオ","だしかつお",59,2,"300g×10箱",290.0000,10,200,200,0
33,"フレッシュバター","フレッシュバター",12,4,"500g×10個",420.0000,20,100,100,0
108,"アオノリアジサイ","あおのりあじさい",38,2,"5g×30包",200.0000,100,10,10,0
120,"クリチョコメロン","栗チョコメロン",55,3,"100g×30個",180.0000,300,10,10,0
40,"ココナッツミルク","ココナッツミルク",65,4,"180ml×10本",300.0000,10,100,0,0
54,"ベタープレスハム","ベタープレスハム",39,6,"2kg",3200.0000,5,10,0,0
27,"メロンミルクキャンディー","メロンミルクキャンディー",57,3,"180g×30袋",160.0000,40,50,0,0
90,"ゴールドマカロニ","ゴールドマカロニ",11,5,"300g×30袋",280.0000,10,1,10,0
