2,"カジュウ100パーセント　グレープ","果汁100% グレープ",2,1,"200g×12瓶",200.0000,12,100,0,0
53,"ベターローストハム","ベターローストハム",39,6,"2kg",5400.0000,5,10,0,0
96,"トクセンシジミ","特選しじみ",17,8,"500g",420.0000,10,1,1,0
26,"バナナキャンディー","バナナキャンディー",57,3,"180g×30袋",160.0000,0,50,0,0
63,"レイトウミックスベジタブル","冷凍ミックスベジタブル",21,7,"500g×20袋",230.0000,20,50,50,0
17,"ダシコンブ","だしこんぶ",59,2,"300g×10箱",290.0000,10,200,200,0
42,"バタートースト","バタートースト",43,5,"500g×5本",450.0000,10,50,50,0
69,"カンソウバナナ","乾燥バナナ",21,7,"200g×25袋",210.0000,50,100,0,0
93,"ギョニクソーセージ","魚肉ソーセージ",14,6,"50g×5本",350.0000,100,10,10,0
28,"オグラアンパン","小倉あんぱん",57,3,"5個×25袋",500.0000,50,100,50,0
37,"ストロベリーヨーグルト","ストロベリーヨーグルト",65,4,"145g×10個",180.0000,10,200,0,1
59,"ミックスハム","ミックスハム",47,6,"3kg",5300.0000,20,10,0,0
95,"ホソメン","ほそめん",16,5,"400g×30束",380.0000,100,10,10,0
6,"コーヒービター","コーヒービター",2,1,"195g×10缶",190.0000,120,200,0,0
49,"コーンフレークチョコ","コーンフレークチョコ",63,5,"200g×30箱",220.0000,0,50,50,0
118,"トクセンサザエ","特選さざえ",53,8,"300g",500.0000,30,1,1,0
24,"ジャガチップス","じゃがチップス",57,3,"150g×20袋",130.0000,10,100,100,0
12,"ブラックペッパー","ブラックペッパー",24,2,"30g×30本",210.0000,10,10,5,0
