10,"バードワイン","バードワイン",3,1,"350ml×24缶",250.0000,10,200,0,0
18,"ピリカラタバスコ","ピリカラタバスコ",24,2,"170ml×25本",200.0000,10,10,0,0
47,"ヘルシークラッカー","ヘルシークラッカー",63,5,"120g×10箱",180.0000,10,50,0,0
86,"ナマショウガ","なましょうが",7,2,"150g×20本",200.0000,10,10,10,0
75,"フリカケカツオフウミ","ふりかけかつお風味",4,8,"800g",1300.0000,10,100,100,0
77,"タイリクサーモン","大陸サーモン",5,8,"500g",2800.0000,0,10,0,0
58,"テリヤキミートボール","照焼きミートボール",47,6,"200g×20袋",160.0000,10,80,80,0
21,"バニラクリームアイス","バニラクリームアイス",29,3,"3kg",2800.0000,12,50,0,0
31,"ロッキーチーズ","ロッキーチーズ",12,4,"450g×5個",380.0000,0,10,0,0
94,"ヤキドウフ","やきどうふ",15,7,"200g",120.0000,100,10,10,0
44,"ゴクジョウパスタ","極上パスタ",43,5,"300g×25袋",210.0000,12,80,0,0
23,"コウチャバー","紅茶バー",29,3,"140g×50個",120.0000,50,100,200,0
50,"コーンフレークシュガー","コーンフレークシュガー",63,5,"200g×30箱",220.0000,10,50,0,0
51,"アメリカンポーク","アメリカンポーク",39,6,"300g×20袋",180.0000,0,30,0,0
11,"ホワイトソルト","ホワイトソルト",24,2,"1kg×12袋",2600.0000,10,10,0,0
70,"カンソウアップル","乾燥アップル",21,7,"200g×25袋",210.0000,30,100,0,0
