39,"ラズベリーヨーグルト","ラズベリーヨーグルト",65,4,"145g×10個",180.0000,10,200,0,0
45,"ゴクジョウマカロニ","極上マカロニ",43,5,"300g×25袋",190.0000,0,80,0,0
102,"ポテトスナック","ポテトスナック",27,3,"100g×30袋",140.0000,100,10,10,0
106,"ヒビセンベイ","ひび煎餅",35,3,"150g×20袋",250.0000,100,10,10,0
82,"セイリョウレモン","清涼レモン",1,1,"190g×12缶",190.0000,50,10,10,0
52,"ウスアジウインナー","うす味ウインナー",39,6,"300g×20袋",160.0000,0,30,0,0
104,"ゴクジョウハム","極上ハム",32,6,"50g",250.0000,50,10,10,0
112,"フルーツヨーグルト","フルーツヨーグルト",46,4,"150g×3個",210.0000,30,10,10,0
3,"カジュウ100パーセント　レモン","果汁100% レモン",2,1,"200g×12瓶",200.0000,12,100,0,0
72,"ホッカイドウコンブ","北海道昆布",4,8,"1kg",4400.0000,10,10,10,0
92,"キソバ","生そば",13,5,"50g×30袋",120.0000,50,10,10,0
13,"ピュアシュガー","ピュアシュガー",24,2,"1kg×12袋",2800.0000,3,10,0,0
36,"ギュウニュウマイルド","牛乳マイルド",65,4,"200ml×10本",200.0000,120,200,150,0
74,"ショクタクワカメ","食卓わかめ",4,8,"200g×50袋",250.0000,12,50,50,0
7,"コーヒーミルク","コーヒーミルク",2,1,"195g×10缶",190.0000,10,200,0,0
105,"ボトルウイスキー","ボトルウイスキー",33,1,"500ml×12瓶",1500.0000,30,1,1,0
123,"リンゴカジュウ","林檎果汁",62,1,"200ml×12缶",100.0000,50,10,10,0
19,"ノリサンショウ","のり山椒",59,2,"10g×30袋",50.0000,10,100,0,0
64,"レイトウクリームコロッケ","冷凍クリームコロッケ",21,7,"500g×20袋",280.0000,10,50,0,0
88,"ストロベリーチョコブロック","ストロベリーチョコブロック",8,3,"50g×20個",100.0000,20,1,10,0
99,"スポーツインリョウパワー","スポーツ飲料パワー",23,1,"200g×12缶",180.0000,50,10,10,0
101,"マッチャバー","抹茶バー",26,3,"250g×20箱",220.0000,100,10,10,0
