15,"ピュアデミグラスソース","ピュアデミグラスソース",24,2,"200ml×20本",200.0000,20,10,10,0
56,"トクセイサラミ","特製サラミ",47,6,"250g×30本",230.0000,20,50,50,0
25,"アメリカンクラッカー","アメリカンクラッカー",57,3,"200g×25箱",180.0000,10,100,0,0
46,"デントウスパゲッティ","伝統スパゲッティ",43,5,"300g×25袋",250.0000,10,80,0,0
119,"コアラクッキー","コアラクッキー",54,3,"300g×30箱",220.0000,200,10,10,0
32,"パルメザンチーズ","パルメザンチーズ",12,4,"150g×5缶",1200.0000,2,10,0,0
103,"ナイトワイン","ナイトワイン",28,1,"1ﾘｯﾄﾙ×12瓶",500.0000,200,10,10,0
121,"スライスカットチーズ","スライスカットチーズ",56,4,"20枚×50袋",200.0000,50,10,10,0
41,"モーニングブレッド","モーニングブレッド",43,5,"500g×5本",450.0000,12,50,0,0
110,"カニノアシ","かにのあし",41,7,"200g×30袋",230.0000,100,10,10,0
71,"トクセンアジノリ","特選味のり",4,8,"180袋",1800.0000,0,150,150,0
89,"モーニングマーガリン","モーニングマーガリン",9,4,"120g×10個",210.0000,50,1,10,0
100,"シカクセンベイ","四角せんべい",25,3,"20枚×20袋",180.0000,100,20,20,0
122,"サヌキメン","讃岐めん",60,5,"500g×10束",1000.0000,20,1,1,0
113,"ウドン・ソバツユ","うどん・そばつゆ",48,2,"250ml×20瓶",300.0000,100,10,10,0
8,"ピリピリビール","ピリピリ ビール",3,1,"320ml×24本",280.0000,120,100,100,0
22,"チョコクリームアイス","チョコクリームアイス",29,3,"3kg",2800.0000,10,50,200,0
73,"ヤキイカスルメクン","やきいかするめくん",4,8,"180g×30袋",200.0000,10,20,0,0
87,"チョコブロック","チョコブロック",8,3,"50g×20個",100.0000,20,1,10,0
91,"キウドン","生うどん",13,5,"50g×30袋",120.0000,50,10,10,0
4,"カジュウ100パーセント　ピーチ","果汁100% ピーチ",2,1,"200g×12瓶",200.0000,12,100,0,0
57,"ワフウハンバーグレトルト","和風ハンバーグレトルト",47,6,"200g×20袋",160.0000,10,80,80,0
67,"レイトウエダマメ","冷凍枝豆",21,7,"500g×20袋",270.0000,10,50,0,0
