1,"カジュウ100パーセント　オレンジ","果汁100% オレンジ",2,1,"200g×12瓶",200.0000,10,100,0,0
111,"マスカットガム","マスカットガム",44,3,"10枚×20個",100.0000,50,10,10,0
34,"ライフマーガリン","ライフマーガリン",12,4,"500g×10個",380.0000,10,100,100,0
76,"フリカケサケフウミ","ふりかけ鮭風味",4,8,"800g",1300.0000,10,100,100,0
84,"ナマワサビ","なまわさび",7,2,"150g×20本",200.0000,20,1,10,0
78,"トクセンニボシ","特選にぼし",5,8,"1kg",1500.0000,12,20,0,0
117,"キタキツネラーメン","キタキツネラーメン",52,5,"200g×40袋",300.0000,200,10,10,0
60,"ミートバー","ミートバー",47,6,"250g×30本",300.0000,10,30,0,0
29,"インドカレーパン","インドカレーパン",57,3,"5個×25袋",500.0000,30,100,0,0
80,"コロモハンペン","ころもはんぺん",5,8,"20g×50袋",160.0000,5,50,0,0
97,"ナマニュウヨーグルト","生乳ヨーグルト",19,4,"140g×3個",280.0000,10,1,1,0
81,"セイリョウスカッシュ","清涼スカッシュ",1,1,"190g×12缶",190.0000,30,10,10,0
116,"ゲキカンカレー","激甘カレー",51,2,"30箱",230.0000,300,10,10,0
66,"レイトウポテトコロッケ","冷凍ポテトコロッケ",21,7,"500g×20袋",260.0000,20,50,0,0
48,"コーンフレークプレーン","コーンフレークプレーン",63,5,"200g×30箱",220.0000,10,50,50,0
55,"ベターナマハム","ベター生ハム",39,6,"2kg",6000.0000,10,10,0,0
98,"ヤキニクノタレ","焼肉のたれ",22,2,"150g×10瓶",280.0000,100,10,10,0
